4294967279,33
4294967279,32
4294967279,31
4294967279,30
4294967279,29
4294967279,27
4294967279,25
4294967279,24
4294967279,23
4294967279,22
4294967279,20
4294967279,19
4294967279,17
4294967279,16
4294967279,14
4294967279,12
4294967279,10
4294967278,211
4294967294,1383
4294967294,439
4294967279,541
4294967279,540
4294967278,209
34,5
4294967278,207
35,4
35,3
35,2
35,1
4294967279,539
4294967279,538
4294967278,206
4294967278,205
34,4
4294967278,204
34,3
34,2
34,1
4294967278,342
4294967294,395
4294967294,394
4294967294,46
4294967294,389
4294967294,120
4294967294,114
4294967278,203
4294967278,340
4294967278,341
4294967278,356
4294967279,537
4294967294,81
4294967294,50
4294967294,414
4294967278,355
4294967278,198
4294967278,339
4294967279,536
4294967279,260
4294967279,88
4294967279,0
4294967294,1086
4294967294,1382
4294967294,29
4294967294,1183
4294967294,1070
4294967294,186
4294967294,1188
4294967294,76
4294967294,42
4294967294,43
4294967294,427
4294967294,390
4294967294,442
4294967278,195
4294967294,90
4294967294,87
4294967294,85
4294967294,419
4294967294,52
4294967278,196
4294967278,337
4294967294,82
4294967278,354
4294967278,0
32,5
4294967294,22
4294967294,17
4294967294,99
4294967294,41
4294967294,83
4294967294,84
4294967278,194
0,5
33,4
4294967278,193
33,3
33,2
33,1
4294967278,335
4294967294,469
4294967294,91
4294967278,192
4294967294,107
4294967294,67
4294967294,7
4294967294,6
4294967294,94
4294967294,93
4294967294,96
4294967294,95
4294967278,191
32,4
32,3
32,2
32,1
4294967294,9
4294967278,190
4294967294,8
0,7
4294967294,45
4294967294,44
4294967294,53
4294967294,51
4294967294,1
4294967294,421
4294967294,590
4294967294,2
4294967294,0
4294967294,28
4294967294,1155
4294967294,27
4294967294,1186
4294967294,26
4294967294,470
4294967294,25
4294967294,92
4294967294,88
4294967294,86
4294967294,1227
4294967294,1190
4294967278,132
4294967278,131
4294967278,130
4294967278,129
4294967278,128
4294967278,127
4294967278,126
4294967278,125
4294967278,124
4294967278,123
4294967278,122
4294967278,121
4294967278,120
4294967278,119
4294967278,118
4294967278,117
4294967278,116
4294967278,115
4294967278,114
4294967278,113
4294967278,112
4294967278,111
4294967278,110
4294967278,109
4294967278,108
4294967278,107
4294967278,106
4294967278,105
4294967278,104
4294967278,103
4294967278,102
4294967278,101
4294967278,100
4294967278,99
4294967278,98
4294967278,97
4294967278,96
4294967278,95
4294967278,94
4294967278,93
4294967278,92
4294967278,91
4294967278,90
4294967278,89
4294967278,87
4294967278,86
4294967278,85
4294967278,84
4294967278,83
4294967278,82
4294967278,81
4294967278,80
4294967278,79
4294967278,78
4294967278,77
4294967278,76
4294967278,75
4294967278,74
4294967278,73
4294967278,333
4294967278,72
4294967278,71
4294967278,70
4294967278,69
4294967278,68
4294967278,67
4294967278,66
4294967278,65
4294967278,64
4294967278,327
4294967278,63
4294967278,326
4294967278,62
4294967278,325
4294967278,61
4294967278,60
4294967278,324
4294967278,59
4294967278,58
4294967278,57
4294967278,56
4294967278,55
4294967278,54
4294967278,53
4294967278,52
4294967279,59
4294967279,57
4294967279,56
4294967279,53
4294967279,51
4294967279,49
4294967279,48
4294967279,46
4294967279,44
4294967279,42
4294967279,40
4294967279,39
4294967279,37
4294967279,36
4294967279,28
4294967279,26
4294967279,21
4294967279,18
4294967279,15
4294967279,13
4294967279,11
4294967279,9
4294967279,8
4294967279,7
4294967279,6
4294967279,5
4294967279,4
4294967294,5
4294967278,353
4294967278,352
4294967278,351
4294967279,535
4294967279,534
4294967278,350
4294967294,1381
4294967279,533
4294967279,532
4294967278,349
4294967279,531
4294967278,348
4294967278,347
4294967279,530
4294967294,1380
4294967278,346
4294967278,345
28,5
29,4
29,3
29,2
29,1
28,4
28,3
28,2
28,1
4294967279,529
4294967278,344
4294967294,1379
26,5
27,4
27,3
27,2
27,1
4294967279,528
26,4
26,3
26,2
26,1
4294967294,1378
24,5
25,4
25,3
25,2
25,1
24,4
24,3
24,2
24,1
4294967279,527
4294967294,1377
4294967294,431
4294967294,441
22,5
23,4
23,3
23,2
23,1
